# Calculated result of 1D Heat Conduction (Explicit Method)

# Parameters:
#   grid_counts_x: 10
#   grid_counts_t: 150
#   grid_space: 0.1
#   time_delta: 0.07
#   thermal_diffusivity: 0.07
#   max_temperature: 100.0

# Matrix U (u[space, time]):
0.000000 0.000000 0.000000 0.000000 0.000000 0.000000 0.000000 0.000000 0.000000 0.000000 0.000000 0.000000 0.000000 0.000000 0.000000 0.000000 0.000000 0.000000 0.000000 0.000000 0.000000 0.000000 0.000000 0.000000 0.000000 0.000000 0.000000 0.000000 0.000000 0.000000 0.000000 0.000000 0.000000 0.000000 0.000000 0.000000 0.000000 0.000000 0.000000 0.000000 0.000000 0.000000 0.000000 0.000000 0.000000 0.000000 0.000000 0.000000 0.000000 0.000000 0.000000 0.000000 0.000000 0.000000 0.000000 0.000000 0.000000 0.000000 0.000000 0.000000 0.000000 0.000000 0.000000 0.000000 0.000000 0.000000 0.000000 0.000000 0.000000 0.000000 0.000000 0.000000 0.000000 0.000000 0.000000 0.000000 0.000000 0.000000 0.000000 0.000000 0.000000 0.000000 0.000000 0.000000 0.000000 0.000000 0.000000 0.000000 0.000000 0.000000 0.000000 0.000000 0.000000 0.000000 0.000000 0.000000 0.000000 0.000000 0.000000 0.000000 0.000000 0.000000 0.000000 0.000000 0.000000 0.000000 0.000000 0.000000 0.000000 0.000000 0.000000 0.000000 0.000000 0.000000 0.000000 0.000000 0.000000 0.000000 0.000000 0.000000 0.000000 0.000000 0.000000 0.000000 0.000000 0.000000 0.000000 0.000000 0.000000 0.000000 0.000000 0.000000 0.000000 0.000000 0.000000 0.000000 0.000000 0.000000 0.000000 0.000000 0.000000 0.000000 0.000000 0.000000 0.000000 0.000000 0.000000 0.000000 0.000000 0.000000 0.000000
0.000000 0.000000 0.000000 0.000000 0.000000 0.000000 0.000000 0.000000 0.000000 0.162841 0.192153 0.507870 0.576897 0.988830 1.094498 1.551012 1.685016 2.150098 2.303387 2.754869 2.919486 3.345057 3.514655 3.908403 4.078207 4.438158 4.604729 4.931218 5.092180 5.386817 5.540610 5.805643 5.951314 6.189245 6.326289 6.539649 6.667884 6.859108 6.978579 7.149939 7.260850 7.414432 7.517095 7.654785 7.749579 7.873078 7.960424 8.071249 8.151588 8.251095 8.324876 8.414271 8.481939 8.562294 8.624283 8.696552 8.753281 8.818312 8.870179 8.928728 8.976110 9.028848 9.072104 9.119629 9.159090 9.201937 9.237917 9.276560 9.309348 9.344214 9.374079 9.405549 9.432739 9.461152 9.485898 9.511558 9.534071 9.557253 9.577728 9.598676 9.617292 9.636225 9.653148 9.670264 9.685642 9.701119 9.715091 9.729088 9.741779 9.754441 9.765967 9.777422 9.787889 9.798254 9.807756 9.817136 9.825762 9.834251 9.842081 9.849765 9.856871 9.863828 9.870276 9.876574 9.882425 9.888127 9.893435 9.898599 9.903415 9.908092 9.912460 9.916695 9.920658 9.924494 9.928088 9.931562 9.934822 9.937969 9.940925 9.943776 9.946457 9.949040 9.951471 9.953810 9.956015 9.958135 9.960134 9.962054 9.963866 9.965607 9.967250 9.968827 9.970316 9.971745 9.973096 9.974390 9.975615 9.976788 9.977898 9.978961 9.979968 9.980931 9.981843 9.982716 9.983544 9.984334 9.985084 9.985801 9.986481 9.987130 9.987747
0.000000 0.000000 0.000000 0.000000 0.000000 0.000000 0.000000 0.000000 0.332329 0.385502 1.028626 1.156612 1.994473 2.193309 3.120658 3.375502 4.319178 4.613031 5.528166 5.845692 6.707483 7.036233 7.832877 8.163345 8.891008 9.216257 9.875762 10.190931 10.785660 11.087497 11.622104 11.908573 12.388202 12.658172 13.088007 13.341003 13.726020 13.962034 14.306872 14.526228 14.835132 15.038379 15.315191 15.503028 15.751197 15.924412 16.147021 16.306456 16.506251 16.652764 16.832190 16.966641 17.127868 17.251097 17.396055 17.508877 17.639279 17.742475 17.859845 17.954155 18.059849 18.145973 18.241197 18.319792 18.405623 18.477302 18.554698 18.620034 18.689852 18.749377 18.812382 18.866588 18.923463 18.972805 19.024163 19.069062 19.115452 19.156292 19.198206 19.235345 19.273224 19.306986 19.341226 19.371911 19.402870 19.430752 19.458748 19.484077 19.509399 19.532405 19.555312 19.576204 19.596930 19.615900 19.634654 19.651876 19.668849 19.684481 19.699844 19.714032 19.727939 19.740814 19.753405 19.765088 19.776487 19.787088 19.797410 19.807027 19.816374 19.825098 19.833563 19.841477 19.849144 19.856322 19.863266 19.869776 19.876066 19.881971 19.887668 19.893023 19.898184 19.903040 19.907716 19.912120 19.916356 19.920349 19.924186 19.927807 19.931284 19.934567 19.937717 19.940694 19.943548 19.946247 19.948833 19.951280 19.953624 19.955842 19.957966 19.959977 19.961901 19.963724 19.965468 19.967121 19.968701 19.970199 19.971631 19.972990 19.974287 19.975519 19.976695
0.000000 0.000000 0.000000 0.000000 0.000000 0.000000 0.000000 0.678223 0.773174 1.920660 2.126296 3.515274 3.817836 5.290337 5.666907 7.125862 7.553040 8.943587 9.400957 10.695273 11.166397 12.353213 12.825524 13.903314 14.367583 15.340285 15.789996 16.664378 17.095133 17.879211 18.288230 18.990337 19.376050 20.004314 20.366042 20.928106 21.265817 21.768711 22.082830 22.532933 22.824204 23.227249 23.496628 23.857737 24.106315 24.430050 24.658995 24.949409 25.159921 25.420609 25.613893 25.848046 26.025285 26.235732 26.398076 26.587328 26.735881 26.906168 27.041980 27.195284 27.319350 27.457433 27.570688 27.695120 27.798439 27.910618 28.004819 28.105994 28.191836 28.283120 28.361309 28.443698 28.514885 28.589272 28.654058 28.721239 28.780180 28.840871 28.894477 28.949318 28.998057 29.047625 29.091928 29.136739 29.176999 29.217519 29.254097 29.290743 29.323970 29.357118 29.387294 29.417284 29.444685 29.471821 29.496698 29.521255 29.543839 29.566064 29.586562 29.606680 29.625283 29.643496 29.660377 29.676866 29.692183 29.707113 29.721010 29.734530 29.747137 29.759381 29.770817 29.781905 29.792279 29.802322 29.811731 29.820827 29.829361 29.837600 29.845340 29.852804 29.859822 29.866584 29.872948 29.879074 29.884845 29.890395 29.895628 29.900656 29.905401 29.909957 29.914259 29.918387 29.922288 29.926028 29.929564 29.932953 29.936159 29.939230 29.942137 29.944920 29.947555 29.950076 29.952466 29.954751 29.956916 29.958987 29.960950 29.962827 29.964607 29.966307 29.967921
0.000000 0.000000 0.000000 0.000000 0.000000 0.000000 1.384129 1.550224 3.555827 3.875483 6.058615 6.491409 8.646304 9.155876 11.190615 11.748014 13.624752 14.207551 15.915209 16.506332 18.047384 18.634093 20.017742 20.590771 21.829264 22.382090 23.488682 24.016917 25.004764 25.505657 26.387228 26.859270 27.646069 28.088677 28.791146 29.204415 29.831929 30.216448 30.777366 31.134069 31.635816 31.965871 32.415022 32.719749 33.122118 33.402922 33.763650 34.021978 34.345608 34.582910 34.873458 35.091163 35.352185 35.551681 35.786326 35.968948 36.180008 36.347029 36.536981 36.689609 36.860654 37.000025 37.154121 37.281303 37.420192 37.536181 37.661419 37.767141 37.880114 37.976432 38.078378 38.166088 38.258117 38.337956 38.421057 38.493705 38.568767 38.634849 38.702668 38.762759 38.824050 38.878678 38.934081 38.983730 39.033822 39.078936 39.124235 39.165219 39.206190 39.243415 39.280480 39.314284 39.347819 39.378513 39.408858 39.436723 39.464187 39.489480 39.514338 39.537294 39.559796 39.580629 39.601001 39.619904 39.638349 39.655501 39.672202 39.687763 39.702887 39.717003 39.730700 39.743504 39.755909 39.767524 39.778760 39.789294 39.799471 39.809025 39.818244 39.826908 39.835259 39.843116 39.850682 39.857807 39.864661 39.871121 39.877331 39.883189 39.888815 39.894127 39.899225 39.904040 39.908659 39.913026 39.917211 39.921170 39.924962 39.928551 39.931987 39.935241 39.938355 39.941304 39.944126 39.946800 39.949357 39.951782 39.954099 39.956296 39.958396 39.960388 39.962291
0.000000 0.000000 0.000000 0.000000 0.000000 2.824752 3.107228 6.515292 6.990839 10.285678 10.874187 13.865290 14.514714 17.173944 17.851871 20.200244 20.885850 22.956531 23.635835 25.462395 26.125736 27.738746 28.379407 29.805764 30.419160 31.682247 32.265399 33.385470 33.936627 34.931227 35.449578 36.333916 36.819369 37.606650 38.059656 38.761364 39.182773 39.808916 40.199867 40.759179 41.121010 41.621128 41.955307 42.402922 42.710991 43.111973 43.395506 43.755016 44.015585 44.338166 44.577319 44.866979 45.086219 45.346498 45.547274 45.781302 45.964995 46.175547 46.343467 46.533004 46.686389 46.857098 46.997109 47.150934 47.278657 47.417331 47.533779 47.658846 47.764959 47.877798 47.974448 48.076291 48.164285 48.256234 48.336317 48.419358 48.492215 48.567233 48.633494 48.701283 48.761528 48.822798 48.877559 48.932950 48.982714 49.032799 49.078013 49.123310 49.164380 49.205354 49.242654 49.279723 49.313593 49.347134 49.377885 49.408239 49.436153 49.463626 49.488963 49.513830 49.536825 49.559337 49.580203 49.600585 49.619518 49.637972 49.655150 49.671861 49.687445 49.702578 49.716714 49.730420 49.743243 49.755656 49.767287 49.778530 49.789078 49.799263 49.808829 49.818055 49.826731 49.835088 49.842956 49.850527 49.857661 49.864521 49.870989 49.877204 49.883069 49.888700 49.894018 49.899120 49.903942 49.908565 49.912936 49.917125 49.921089 49.924884 49.928477 49.931917 49.935174 49.938291 49.941244 49.944069 49.946746 49.949305 49.951732 49.954051 49.956251 49.958353 49.960348
0.000000 0.000000 0.000000 0.000000 5.764801 6.225985 11.785559 12.450863 17.150013 17.896912 21.794050 22.564526 25.810123 26.575537 29.305725 30.051669 32.372828 33.091847 35.084134 35.772215 37.495946 38.150870 39.652006 40.272586 41.586784 42.172510 43.327976 43.878833 44.898286 45.414655 46.316700 46.799282 47.599365 48.049125 48.760224 49.178332 49.811461 50.199244 50.763821 51.122720 51.626853 51.958383 52.409092 52.714808 53.118195 53.399662 53.761055 54.019826 54.343891 54.581489 54.872323 55.090225 55.351435 55.551062 55.785830 55.968539 56.179680 56.346759 56.536764 56.689431 56.860510 56.999908 57.154026 57.281225 57.420130 57.536130 57.661377 57.767107 57.880087 57.976409 58.078360 58.166074 58.258105 58.337946 58.421049 58.493698 58.568762 58.634845 58.702664 58.762756 58.824047 58.878676 58.934079 58.983729 59.033821 59.078935 59.124234 59.165218 59.206190 59.243415 59.280479 59.314284 59.347819 59.378512 59.408858 59.436723 59.464186 59.489480 59.514338 59.537294 59.559796 59.580629 59.601000 59.619904 59.638349 59.655501 59.672202 59.687763 59.702887 59.717003 59.730700 59.743504 59.755909 59.767524 59.778760 59.789294 59.799471 59.809025 59.818244 59.826908 59.835259 59.843116 59.850682 59.857807 59.864661 59.871121 59.877331 59.883189 59.888815 59.894127 59.899225 59.904040 59.908659 59.913026 59.917211 59.921170 59.924962 59.928551 59.931987 59.935241 59.938355 59.941304 59.944126 59.946800 59.949357 59.951782 59.954099 59.956296 59.958396 59.960388 59.962291
0.000000 0.000000 0.000000 11.764900 12.470794 20.973287 21.821654 27.976536 28.833470 33.461488 34.286314 37.887430 38.667602 41.548943 42.281914 44.640153 45.327191 47.293055 47.936680 49.599854 50.202736 51.626535 52.191095 53.421445 53.949766 55.020867 55.514751 56.452713 56.913760 57.738990 58.168684 58.897470 59.297238 59.942823 60.314074 60.887399 61.231542 61.741769 62.060222 62.515104 62.809289 63.215452 63.486786 63.849933 64.099821 64.424888 64.654709 64.945994 65.157092 65.418351 65.612025 65.846552 66.024052 66.234744 66.397262 66.586675 66.735343 66.905737 67.041625 67.194999 67.319116 67.457245 67.570533 67.694995 67.798336 67.910536 68.004751 68.105939 68.191791 68.283084 68.361279 68.443675 68.514866 68.589256 68.654045 68.721229 68.780172 68.840864 68.894471 68.949313 68.998053 69.047622 69.091925 69.136737 69.176998 69.217518 69.254096 69.290742 69.323969 69.357118 69.387294 69.417284 69.444685 69.471821 69.496698 69.521255 69.543838 69.566064 69.586562 69.606680 69.625283 69.643496 69.660377 69.676866 69.692183 69.707113 69.721010 69.734530 69.747137 69.759381 69.770817 69.781905 69.792279 69.802322 69.811731 69.820827 69.829361 69.837600 69.845340 69.852804 69.859822 69.866584 69.872948 69.879074 69.884845 69.890395 69.895628 69.900656 69.905401 69.909957 69.914259 69.918387 69.922288 69.926028 69.929564 69.932953 69.936159 69.939230 69.942137 69.944920 69.947555 69.950076 69.952466 69.954751 69.956916 69.958987 69.960950 69.962827 69.964607 69.966307 69.967921
0.000000 0.000000 24.010000 24.970400 36.528814 37.451950 44.418732 45.251054 49.961862 50.709383 54.127795 54.802522 57.405368 58.018208 60.070835 60.630756 62.293521 62.807783 64.183459 64.657865 65.815239 66.254362 67.241103 67.648511 68.498668 68.877150 69.615734 69.967506 70.613376 70.940252 71.507987 71.811511 72.312632 72.594176 73.037975 73.298800 73.692902 73.934198 74.284954 74.507865 74.820629 75.026264 75.305596 75.495033 75.744849 75.919136 76.142823 76.302973 76.503475 76.650466 76.830354 76.965123 77.126654 77.250095 77.395252 77.508216 77.638748 77.742038 77.859494 77.953866 78.059617 78.145782 78.241044 78.319666 78.405521 78.477219 78.554631 78.619979 78.689808 78.749341 78.812352 78.866564 78.923443 78.972789 79.024151 79.069051 79.115443 79.156285 79.198201 79.235340 79.273220 79.306983 79.341224 79.371909 79.402868 79.430750 79.458747 79.484076 79.509398 79.532405 79.555312 79.576204 79.596930 79.615899 79.634654 79.651876 79.668849 79.684481 79.699844 79.714032 79.727939 79.740814 79.753405 79.765088 79.776487 79.787088 79.797410 79.807027 79.816374 79.825098 79.833563 79.841477 79.849144 79.856322 79.863266 79.869776 79.876066 79.881971 79.887668 79.893023 79.898184 79.903040 79.907716 79.912120 79.916356 79.920349 79.924186 79.927807 79.931284 79.934567 79.937717 79.940694 79.943548 79.946247 79.948833 79.951280 79.953624 79.955842 79.957966 79.959977 79.961901 79.963724 79.965468 79.967121 79.968701 79.970199 79.971631 79.972990 79.974287 79.975519 79.976695
0.000000 49.000000 49.980000 61.764500 62.470786 68.148535 68.714426 72.139467 72.615806 74.933629 75.346270 77.029545 77.393827 78.676507 79.002452 80.014758 80.309366 81.130013 81.398414 82.077863 82.323911 82.895945 83.122556 83.610591 83.819982 84.240747 84.434619 84.800402 84.980086 85.300156 85.466727 85.748248 85.902605 86.151242 86.294171 86.514491 86.646702 86.842456 86.964606 87.138920 87.251632 87.407141 87.511012 87.649962 87.745565 87.869887 87.957774 88.069139 88.149840 88.249699 88.323722 88.413348 88.481177 88.561684 88.623780 88.696149 88.752949 88.818046 88.869960 88.928551 88.975966 89.028732 89.072008 89.119552 89.159027 89.201886 89.237875 89.276527 89.309320 89.344192 89.374061 89.405534 89.432727 89.461142 89.485890 89.511552 89.534066 89.557249 89.577725 89.598673 89.617290 89.636224 89.653146 89.670263 89.685641 89.701118 89.715090 89.729088 89.741779 89.754441 89.765967 89.777422 89.787888 89.798253 89.807756 89.817136 89.825762 89.834251 89.842081 89.849765 89.856871 89.863828 89.870276 89.876574 89.882425 89.888127 89.893435 89.898599 89.903415 89.908092 89.912460 89.916695 89.920658 89.924494 89.928088 89.931562 89.934822 89.937969 89.940925 89.943776 89.946457 89.949040 89.951471 89.953810 89.956015 89.958135 89.960134 89.962054 89.963866 89.965607 89.967250 89.968827 89.970316 89.971745 89.973096 89.974390 89.975615 89.976788 89.977898 89.978961 89.979968 89.980931 89.981843 89.982716 89.983544 89.984334 89.985084 89.985801 89.986481 89.987130 89.987747
100.000000 100.000000 100.000000 100.000000 100.000000 100.000000 100.000000 100.000000 100.000000 100.000000 100.000000 100.000000 100.000000 100.000000 100.000000 100.000000 100.000000 100.000000 100.000000 100.000000 100.000000 100.000000 100.000000 100.000000 100.000000 100.000000 100.000000 100.000000 100.000000 100.000000 100.000000 100.000000 100.000000 100.000000 100.000000 100.000000 100.000000 100.000000 100.000000 100.000000 100.000000 100.000000 100.000000 100.000000 100.000000 100.000000 100.000000 100.000000 100.000000 100.000000 100.000000 100.000000 100.000000 100.000000 100.000000 100.000000 100.000000 100.000000 100.000000 100.000000 100.000000 100.000000 100.000000 100.000000 100.000000 100.000000 100.000000 100.000000 100.000000 100.000000 100.000000 100.000000 100.000000 100.000000 100.000000 100.000000 100.000000 100.000000 100.000000 100.000000 100.000000 100.000000 100.000000 100.000000 100.000000 100.000000 100.000000 100.000000 100.000000 100.000000 100.000000 100.000000 100.000000 100.000000 100.000000 100.000000 100.000000 100.000000 100.000000 100.000000 100.000000 100.000000 100.000000 100.000000 100.000000 100.000000 100.000000 100.000000 100.000000 100.000000 100.000000 100.000000 100.000000 100.000000 100.000000 100.000000 100.000000 100.000000 100.000000 100.000000 100.000000 100.000000 100.000000 100.000000 100.000000 100.000000 100.000000 100.000000 100.000000 100.000000 100.000000 100.000000 100.000000 100.000000 100.000000 100.000000 100.000000 100.000000 100.000000 100.000000 100.000000 100.000000 100.000000 100.000000 100.000000 100.000000 100.000000 100.000000 100.000000 100.000000 100.000000
