# Calculated result of 1D Heat Conduction (C-N OOD)

# Parameters:
#   grid_counts_x: 10
#   grid_counts_t: 50
#   grid_space: 0.1
#   time_delta: 0.2
#   max_iterations: 200
#   thermal_diffusivity: 0.07
#   error_tolerance: 0.0001
#   initial_value: 0.0

# Matrix U (u[space, time]):
0.000000 0.000000 0.000000 0.000000 0.000000 0.000000 0.000000 0.000000 0.000000 0.000000 0.000000 0.000000 0.000000 0.000000 0.000000 0.000000 0.000000 0.000000 0.000000 0.000000 0.000000 0.000000 0.000000 0.000000 0.000000 0.000000 0.000000 0.000000 0.000000 0.000000 0.000000 0.000000 0.000000 0.000000 0.000000 0.000000 0.000000 0.000000 0.000000 0.000000 0.000000 0.000000 0.000000 0.000000 0.000000 0.000000 0.000000 0.000000 0.000000 0.000000 0.000000
0.000000 0.006085 0.058937 0.250171 0.671838 1.319741 2.102753 2.920806 3.714626 4.452779 5.124986 5.727345 6.261984 6.733549 7.147841 7.508901 7.825740 8.102825 8.344950 8.556355 8.740867 8.901857 9.040456 9.162221 9.268648 9.361656 9.442878 9.513794 9.575697 9.628048 9.674461 9.715167 9.750864 9.782122 9.809482 9.833419 9.852861 9.870430 9.885962 9.899696 9.911805 9.922472 9.931860 9.938794 9.945292 9.951139 9.956406 9.961128 9.965356 9.969135 9.972508
0.000000 0.022126 0.184943 0.709442 1.739186 3.174237 4.793215 6.425788 7.981856 9.413597 10.707543 11.862242 12.884190 13.784023 14.573635 15.262365 15.865398 16.392673 16.853221 17.255279 17.606138 17.912247 18.176696 18.408122 18.610466 18.787212 18.941556 19.076297 19.193911 19.294127 19.382240 19.459582 19.527339 19.586668 19.638583 19.683998 19.721459 19.754742 19.784219 19.810232 19.833163 19.853353 19.871118 19.884636 19.896907 19.907986 19.917928 19.926841 19.934810 19.941928 19.948278
0.000000 0.070949 0.512102 1.719735 3.728619 6.161370 8.667615 11.082185 13.323234 15.351887 17.166518 18.774949 20.192549 21.437326 22.527666 23.478585 24.309954 25.036258 25.670375 26.223781 26.706625 27.127830 27.492510 27.811148 28.089536 28.332646 28.544891 28.730160 28.891865 29.030304 29.151634 29.257975 29.351096 29.432589 29.503883 29.566240 29.618163 29.664002 29.704488 29.740185 29.771619 29.799281 29.823609 29.842449 29.859361 29.874553 29.888170 29.900350 29.911229 29.920935 29.929590
0.000000 0.222019 1.368210 3.928547 7.390911 10.954748 14.319079 17.413343 20.193382 22.664740 24.847759 26.767024 28.450033 29.922660 31.209815 32.331596 33.311008 34.165814 34.911701 35.562407 36.130005 36.625065 37.054369 37.429189 37.756402 38.042043 38.291360 38.508955 38.698855 38.861992 39.004764 39.129720 39.239049 39.334681 39.418315 39.491449 39.552757 39.606737 39.654286 39.696144 39.732964 39.765341 39.793803 39.816114 39.836049 39.853882 39.869827 39.884056 39.896745 39.908055 39.918132
0.000000 0.690839 3.544602 8.476220 13.661577 18.233492 22.293347 25.843703 28.937164 31.638161 33.990177 36.042436 37.830814 39.390474 40.750034 41.933952 42.966115 43.866159 44.651007 45.335433 45.932281 46.452761 46.904787 47.299123 47.643175 47.943389 48.205360 48.433960 48.633441 48.805313 48.955606 49.086960 49.201794 49.302183 49.389946 49.466672 49.531355 49.588226 49.638206 49.682118 49.720703 49.754604 49.784390 49.807981 49.828999 49.847757 49.864457 49.879330 49.892571 49.904359 49.914854
0.000000 2.146900 8.810905 16.980029 23.384328 28.592946 32.987848 36.626710 39.748310 42.404986 44.701088 46.682763 48.402894 49.896277 51.195536 52.325379 53.309314 54.166492 54.913542 55.564730 56.132449 56.627435 57.057879 57.433117 57.760354 58.045789 58.294801 58.512058 58.701620 58.865527 59.008578 59.133486 59.242588 59.337919 59.421229 59.494044 59.555776 59.609994 59.657499 59.699174 59.735747 59.767857 59.796055 59.818613 59.838695 59.856526 59.872348 59.886405 59.898900 59.910013 59.919899
0.000000 6.670122 20.530222 30.701439 37.038755 42.462348 46.451404 49.839505 52.589483 54.938149 56.926753 58.640112 60.115982 61.395084 62.504643 63.468842 64.307473 65.037601 65.673557 66.227725 66.710736 67.131804 67.498311 67.817669 68.096063 68.338825 68.550562 68.735271 68.896418 69.036206 69.157993 69.264231 69.356966 69.437954 69.508708 69.570536 69.623441 69.669602 69.709985 69.745346 69.776351 69.803553 69.827431 69.846754 69.863945 69.879072 69.892472 69.904348 69.914892 69.924260 69.932589
0.000000 20.722158 42.520938 48.681940 55.487516 59.285716 62.659882 65.147716 67.263941 68.993727 70.471260 71.726614 72.808594 73.741908 74.551035 75.253111 75.863447 76.394438 76.856789 77.259552 77.610539 77.916473 78.182928 78.415048 78.617337 78.793696 78.947492 79.081639 79.198666 79.300420 79.388975 79.466156 79.533494 79.592279 79.643624 79.688484 79.727188 79.760773 79.790083 79.815723 79.838184 79.857880 79.875163 79.889565 79.902019 79.912983 79.922652 79.931216 79.938809 79.945552 79.951544
0.000000 64.377296 66.049687 73.925892 76.395109 79.076341 80.721409 82.156981 83.260570 84.198392 84.977556 85.644787 86.215304 86.708012 87.134106 87.503858 87.825020 88.104380 88.347544 88.559342 88.743886 88.904731 89.044870 89.166931 89.273290 89.366003 89.446846 89.517356 89.578863 89.632423 89.679003 89.719580 89.754968 89.785856 89.812829 89.836393 89.856839 89.874516 89.889914 89.903374 89.915160 89.925492 89.934555 89.942286 89.948831 89.954570 89.959632 89.964106 89.968073 89.971593 89.974721
100.000000 100.000000 100.000000 100.000000 100.000000 100.000000 100.000000 100.000000 100.000000 100.000000 100.000000 100.000000 100.000000 100.000000 100.000000 100.000000 100.000000 100.000000 100.000000 100.000000 100.000000 100.000000 100.000000 100.000000 100.000000 100.000000 100.000000 100.000000 100.000000 100.000000 100.000000 100.000000 100.000000 100.000000 100.000000 100.000000 100.000000 100.000000 100.000000 100.000000 100.000000 100.000000 100.000000 100.000000 100.000000 100.000000 100.000000 100.000000 100.000000 100.000000 100.000000
